
Problem instance for m=2, n=4
A =
[[ 1 -2  1  1]
 [ 1  1  1 -4]]
b^T =
[[1 1]]
c =
[1 1 1 1]
x^T =
[1. 0. 0. 0.]
runtime = 1.84 ms

Problem instance for m=6, n=4
A =
[[ 1 -3  5  5]
 [ 1  1 -2  1]
 [ 1  1 -1 -2]
 [ 1  1  1  1]
 [ 1  5  3 -2]
 [ 1  1  1  1]]
b^T =
[[1 1 1 1 1 1]]
c =
[1 1 1 1]
x^T =
[1. 0. 0. 0.]
runtime = 2.93 ms

Problem instance for m=10, n=4
A =
[[ 1  1  1  0]
 [ 2  1  1  1]
 [ 1  1 -5  1]
 [-4  1 -1  1]
 [ 1  1  1  4]
 [-1  1  1  1]
 [ 4  1  1 -5]
 [-4  1  2  1]
 [-5  1  1  0]
 [-2  1 -2  1]]
b^T =
[[1 1 1 1 1 1 1 1 1 1]]
c =
[1 1 1 1]
x^T =
[0. 1. 0. 0.]
runtime = 1.49 ms

Problem instance for m=14, n=4
A =
[[ 3 -5  1 -4]
 [ 1  2  1 -1]
 [ 1  1  1  1]
 [ 1  1  1  1]
 [-1 -4  1  1]
 [-1  1  1  1]
 [-3  1  1  1]
 [ 1  2  1  1]
 [-1 -3  1  2]
 [ 1  1  1  1]
 [ 1  2  1 -2]
 [ 1  2  1  1]
 [-2  1  1  1]
 [-3  1  1  1]]
b^T =
[[1 1 1 1 1 1 1 1 1 1 1 1 1 1]]
c =
[1 1 1 1]
x^T =
[0. 0. 1. 0.]
runtime = 3.01 ms

Problem instance for m=2, n=10
A =
[[-5  4 -4 -1  1 -5  1 -4  1  3]
 [ 1  1  4  0 -1  5 -3  1  1  1]]
b^T =
[[1 1]]
c =
[1 1 1 1 1 1 1 1 1 1]
x^T =
[0.   0.4  0.   0.   0.   0.12 0.   0.   0.   0.  ]
runtime = 1.79 ms

Problem instance for m=6, n=10
A =
[[ 1 -2  1  1 -2  1  1  1  1  1]
 [ 1  1  1  1  1  1  0  4 -5  1]
 [ 1 -2 -4  1 -5  0  1 -3  1  1]
 [ 1  1 -2  1  1  1  1  1  0 -2]
 [-3 -4 -2  1  1  1  1  1  1 -2]
 [-3  1  0  1  1  1  1  1  1  1]]
b^T =
[[1 1 1 1 1 1]]
c =
[1 1 1 1 1 1 1 1 1 1]
x^T =
[0. 0. 0. 1. 0. 0. 0. 0. 0. 0.]
runtime = 5.62 ms

Problem instance for m=10, n=10
A =
[[ 1  1  1 -5 -4  1 -1  1  2  1]
 [ 4 -4 -2 -5 -3  1  1  1  1  1]
 [-5  1  0 -3  1 -5  1  1  1 -4]
 [ 1  1  1  0  1 -3  1  1  1  1]
 [ 1 -1  1  1 -3  4  1  1  1  3]
 [ 4  0  2  1 -4  1  1  1  1 -5]
 [-1  1  1 -4  1  3 -4  1  1  3]
 [ 1  1 -3  1  1  1  0  1 -4 -2]
 [ 1  1  1  1  1 -3  1  1  0 -3]
 [ 5  1  1 -1  3 -1 -4  1  1  1]]
b^T =
[[1 1 1 1 1 1 1 1 1 1]]
c =
[1 1 1 1 1 1 1 1 1 1]
x^T =
[0. 0. 0. 0. 0. 0. 0. 1. 0. 0.]
runtime = 4.62 ms

Problem instance for m=14, n=10
A =
[[ 1  1  1 -4 -1 -5  1  2  1  1]
 [ 1  1  4  1  4  1  1  1  0  1]
 [ 4  1  1  1 -1 -2 -4  1  3  1]
 [ 1  1  1  5  1  5  1 -1 -1  1]
 [ 1  1 -4  1  1  1  1  4 -3  1]
 [ 4  1  1  0  1  1  1  1  1  1]
 [-1  1 -5  1  1  1  3  5  1 -1]
 [ 1  1  4  3  1  1 -3 -2  1  1]
 [-5  1  1  1 -4  1  4  5  1  1]
 [-2  1  1  1  4  5  1 -2  1  1]
 [ 1  1  1  1 -1  1  1  0  1  1]
 [ 1  1  1  3  1  1  1 -4  0  5]
 [ 1  1 -5 -5 -3 -2 -2  4 -1  1]
 [ 1  1  1  1  1  5 -2  3 -4  0]]
b^T =
[[1 1 1 1 1 1 1 1 1 1 1 1 1 1]]
c =
[1 1 1 1 1 1 1 1 1 1]
x^T =
[0. 1. 0. 0. 0. 0. 0. 0. 0. 0.]
runtime = 9.2 ms

Problem instance for m=2, n=20
A =
[[-1  3  1  5  1  1 -4  5  1 -3 -4 -2 -1  1  2  4  1  1 -1  1]
 [ 2 -2  3  1  2  1 -2  1  5  1  1  1 -5  0 -1 -5  0  2 -1  4]]
b^T =
[[1 1]]
c =
[1 1 1 1 1 1 1 1 1 1 1 1 1 1 1 1 1 1 1 1]
x^T =
[0.         0.         0.         0.16666667 0.         0.         0.         0.         0.16666667 0.
 0.         0.         0.         0.         0.         0.         0.         0.         0.         0.        ]
runtime = 1.81 ms

Problem instance for m=6, n=20
A =
[[ 1  1  5 -1  1  1  1  1  1 -4 -2 -1  3  1  1  3  0  1  5  1]
 [ 1  1 -5  2  1 -3 -5  4  0 -2  2 -1  5  1  1  1  1  2  4  0]
 [-3  1  1  1  1  1 -5  4 -2  3  1 -5  1  1 -5  1 -4  1 -1  4]
 [ 1 -3 -1 -4  1  1 -2  5 -2  5  1  2  1  1  1  1 -1  1  1 -2]
 [ 1 -4 -3  2  5  1  2  1  1 -2  1  1  4  1 -5  1  1 -3  1  1]
 [ 0  1  1  1  1 -3  1  4 -4  1  1  1  2  1  1  1 -5  1  1  5]]
b^T =
[[1 1 1 1 1 1]]
c =
[1 1 1 1 1 1 1 1 1 1 1 1 1 1 1 1 1 1 1 1]
x^T =
[0.         0.         0.06102476 0.         0.08865861 0.03511802 0.         0.16350029 0.         0.
 0.         0.         0.13356362 0.         0.         0.         0.         0.         0.         0.00690846]
runtime = 3.92 ms

Problem instance for m=10, n=20
A =
[[ 5  1  1  1  1  0 -3  1 -3  1  1  1  1 -3  5 -2  1 -1  5  1]
 [ 1  1  1 -4  1  1  1 -4 -4  1  1  1 -1 -5  1  1 -3  1 -2  1]
 [ 0  4  1  0 -3  1  1  1  3  1  1  4  5 -5  1  4  1  1  1  1]
 [ 2  3 -5  1  1  5 -3  1  1  1  1  1  1  5  1  1  1  3  1  1]
 [-3 -3  1  1  1  1  1 -4  4  1  1  3 -5 -2 -3  1  1  4  1  4]
 [ 1  1  1  4  1  1 -1  1 -4  1  0 -2  3  2  2  1  1  3 -1  4]
 [ 2  1  1 -1  1  0  1  0  1  4  1  1 -2 -4 -4 -3  1  2  0  1]
 [-5 -4  1 -2  0  4  1  1  1  1 -1  1  1 -5  1 -5  3  1  1  1]
 [ 1  1  4  1  1  1  1  1  1  2  2  1 -5  0 -2  1  1 -4  0 -1]
 [ 1 -1  1  1 -5  5  3  1 -5 -2  1  1  1 -4  1  1 -4  1 -5  1]]
b^T =
[[1 1 1 1 1 1 1 1 1 1]]
c =
[1 1 1 1 1 1 1 1 1 1 1 1 1 1 1 1 1 1 1 1]
x^T =
[0.07116803 0.         0.19575473 0.         0.07301701 0.22028366 0.         0.         0.         0.14767754
 0.         0.09427438 0.         0.         0.05956253 0.0268043  0.         0.11111283 0.         0.00034499]
runtime = 9.71 ms

Problem instance for m=14, n=20
A =
[[-2  1  1  3  4 -5 -3  1  0  1  1  1 -2  1 -5  1 -1  1 -2  1]
 [ 3  1  1  1 -4  1 -5  1  1  1  0  1  1 -5  1  1 -3  1 -3  3]
 [-2  1  1  1  1  1  2  1  1  0  0  1 -2  0  5  1  1  1  1 -2]
 [ 0  1  1  1 -5  1  1  3  1  2  2  1  0  1  1  1 -2  1  1 -3]
 [ 1  1  1 -3  0  5  1  1  1  1 -5  1  4  3  4 -4 -3  1  1 -5]
 [ 1  1  0  1  1  1  1  1  1  1 -2 -5 -4  1  3 -4  3  2  1  1]
 [ 2  4  1  1 -1  1  3  1  2 -1 -2 -4  1  1  2  1  2  1  1 -3]
 [-5  5  1  1  1  1  1 -3  1  1  1  1  1  1  0  1  1  1 -3  1]
 [ 1  1  4  1  1  4  1  1  1  5 -5  5 -1  1 -5  1  4  3  1 -4]
 [ 1  1  1 -2 -5  5 -3  1  1  3 -3 -3 -1  1  3  2  0 -2 -1  4]
 [ 1  1  1  2  4  1  2  1  4  0  1  1 -5  1  1  1  3  0  1 -5]
 [-5  5  3  4  0  1 -1 -5  1  3  4  0 -5 -1  0  1  1  3  1  2]
 [-1  1 -5  5 -5 -5  1 -5  1 -5  4  1  1  1  5  1 -2  1  1  1]
 [ 1  1  0  1  1  4 -3  1  5  1  1  0 -5  1  2  1  2  5  1 -5]]
b^T =
[[1 1 1 1 1 1 1 1 1 1 1 1 1 1]]
c =
[1 1 1 1 1 1 1 1 1 1 1 1 1 1 1 1 1 1 1 1]
x^T =
[0.13397386 0.         0.17540032 0.36008069 0.11950414 0.         0.         0.1246343  0.27151498 0.19324494
 0.06361242 0.07368348 0.23216934 0.26253284 0.20222192 0.         0.         0.06013901 0.         0.23189006]
runtime = 11.2 ms

Problem instance for m=2, n=30
A =
[[ 0 -3 -5  1 -5  2  5  3 -4  1  1  1  1  1 -5  1  1  1  1  1 -1 -5  5  0  0  1  1  1  1  1]
 [ 1  5 -4  5  2  1  1 -2  1 -2  1  1  1  1  1  1  1  1  1  1 -4 -2 -5  1  1 -1  2  1  1  1]]
b^T =
[[1 1]]
c =
[1 1 1 1 1 1 1 1 1 1 1 1 1 1 1 1 1 1 1 1 1 1 1 1 1 1 1 1 1 1]
x^T =
[0.         0.         0.         0.16666667 0.         0.         0.16666667 0.         0.         0.
 0.         0.         0.         0.         0.         0.         0.         0.         0.         0.
 0.         0.         0.         0.         0.         0.         0.         0.         0.         0.        ]
runtime = 2.44 ms

Problem instance for m=6, n=30
A =
[[ 1 -5 -2  1  1  1  1  4  1 -2  3 -1  1 -2 -5  1 -4  1  0 -5  1  1  1  1  1  1 -1  2 -3  1]
 [ 2  1  1  1 -1  1  1 -4 -5  5  1  1  1  1 -5  3  4  5  1  1  1 -5  1 -5  0 -5 -5  1 -5  1]
 [ 1  1  5  5  2  4  1  1 -2  1  2  0  1  1  3  1  1  0  3  2  1 -3  1 -4  3 -3 -4  1  2 -3]
 [ 1  2  0 -1  0  1  1  5  3  1  1  0 -3  1  4  1  2 -1  3  1 -5  1 -5  1  1 -1  5  1  1  1]
 [ 4  1  1  1  1  5 -4 -5  1  1 -3  3  1 -5  1 -2  1  1  1  1  5  0  4  2  1 -2  3  4  1  1]
 [ 1 -2  1 -1  1  1  1  1 -5  5  1  1  3  1  1  0 -2  1  1  1  1  1 -4 -3  1  4  1  4 -5 -2]]
b^T =
[[1 1 1 1 1 1]]
c =
[1 1 1 1 1 1 1 1 1 1 1 1 1 1 1 1 1 1 1 1 1 1 1 1 1 1 1 1 1 1]
x^T =
[0.22857143 0.         0.         0.         0.         0.         0.         0.04489796 0.         0.
 0.10408163 0.         0.         0.         0.         0.         0.         0.0755102  0.13877551 0.
 0.         0.         0.         0.         0.         0.         0.         0.10204082 0.         0.        ]
runtime = 6.65 ms

Problem instance for m=10, n=30
A =
[[ 1  1 -4  4  1  0  3  1  1  0  1  1 -2  3 -3  4  1  1  0 -1  0  4  1  1  1  2 -3  0 -4 -1]
 [-3  0  1  3  1  1 -5 -1  0  1  4  4  5  1  1  5 -3  1  1  1  1  1  1  1  3 -5  0  1  3  1]
 [-3 -2  1  1  1  0  1  1  1 -1 -2  1  1  1  4  1  1  4  1  1  1  4  1  5  0  3 -5  1  1  1]
 [-3  1  1  2  1  4  1  1 -5  1 -3  5  0  1 -1  5  1  4  5  1 -1 -5 -1  0  1  2  1  3 -3  2]
 [ 1  1  1  0  1  1  1 -2  1  5  0  1 -2 -5  4  1  1  1 -2  1  5  4  4 -2  1  1  4  1 -1 -1]
 [ 1  1  1 -2  1  0  1  1  1  1  1  4  5 -4  5  1  1  1  1  1  4  1  1  1 -5  1  1  5 -5  3]
 [ 1  1 -4  1 -5 -1 -4  5  1  1  3  1  1  2  1 -3  1  5  1  5 -5  1  1  5  3  3 -1  2  5  2]
 [ 4 -5  2  1 -2  2  1 -1  1  3  4  1  1  1 -1 -1 -2 -2 -5  1  1  0 -3  1  5  1  1  1 -5  5]
 [-1  3 -1 -3  1  1 -3 -3 -2 -1  5  5  1  1  5  1  1 -3 -1 -2  0 -3  1  0  1  0  2  1  1  1]
 [ 0  1  1  1  4  1  4  1  3  1  0  4  1  1 -4  1 -3  1  1  1  1  1  2 -5 -1  4 -5  1 -3  1]]
b^T =
[[1 1 1 1 1 1 1 1 1 1]]
c =
[1 1 1 1 1 1 1 1 1 1 1 1 1 1 1 1 1 1 1 1 1 1 1 1 1 1 1 1 1 1]
x^T =
[0.         0.         0.         0.         0.         0.         0.         0.         0.         0.07074801
 0.04773323 0.18564942 0.         0.         0.         0.04488969 0.         0.         0.         0.
 0.02675908 0.06407899 0.         0.06586953 0.05050301 0.10752455 0.         0.         0.         0.00067902]
runtime = 8.97 ms

Problem instance for m=14, n=30
A =
[[ 4  2  1  1  1  1  3  1  1  1 -5  1  1  1  1 -2  4  1  1  1  1 -4  1 -3 -1  1 -1 -3  1  3]
 [ 2  1  1  4  1  1  1  4  3  1  1  1  1  1 -2  1  1  0  0  2  1  1  4 -4 -1  3  1  3  1  1]
 [-1  5  2  1  1  1 -4  1  1  1  0  1  1  1 -2  4  0  1 -2  2  1  1  1  1  1 -3 -2 -3  1  1]
 [ 3  1  1  0  1 -5  1  1 -4  1  1  1  1  1 -4  1  1  1 -5  1  1  1 -1  1  1  0  1  1  1  1]
 [ 3  4 -2  1  2  1  4  4  3  1  1 -4  1  1  1  1 -4  3  1  1  1  1 -1 -3  2  1  1 -1  5  1]
 [ 1  1 -1 -5  1 -1  1  1  1  1  1 -4  0  1  1  1 -2  1  1  1 -4  1  1  2  1  1 -2 -2  3  4]
 [ 1  1 -1 -4  1 -3  0  1  1  1  3  1 -5 -1  1  1 -1  1 -2  1  5  4 -4  1  1  1 -1 -5  2  1]
 [-5  1 -2  1  1  5  1  1  2  1  1  1  0  1 -5  1  1  1  0 -4  1  5  1  0 -3 -1  5  3  1  1]
 [ 1  1  1  1  1  3  1  1  1  1 -2  3 -4  1  1  5  1  4  1  4  2  1  1  1 -1 -3  1  1  1  4]
 [-2 -1  1  1  2  1 -3  1  1  1  1  0  1  1  1  1  1  1 -1 -5  1  1  3  1  1  1  1  1  1 -2]
 [ 1 -4  1  2  0 -5  1 -2  1 -5  1  1  1  1 -4  1  5  1  1  1  1  1  0  4  1  1  1 -1  1  2]
 [-3  3 -1 -1  1 -1  1 -4  0  1  1  1  1  1  1  1 -5  1  1 -3  1  2 -3  1  2  5  1  1  4 -5]
 [ 1  0  1  1  1 -2  1 -1  1 -3 -2  1  1 -1 -4 -2  1  4  1  1 -3 -2  3  1  1  1  1  1  1 -4]
 [ 1  1  3  1 -5  1 -2  1  1  1  1  1  1 -2 -4  1  5  1  1  1  3 -3 -3  1  3  0  1  1  3  0]]
b^T =
[[1 1 1 1 1 1 1 1 1 1 1 1 1 1]]
c =
[1 1 1 1 1 1 1 1 1 1 1 1 1 1 1 1 1 1 1 1 1 1 1 1 1 1 1 1 1 1]
x^T =
[0.00725891 0.16797687 0.         0.         0.08147869 0.         0.         0.05073843 0.         0.05636609
 0.         0.         0.         0.         0.         0.         0.18966513 0.14781667 0.         0.00586606
 0.         0.08387283 0.03974659 0.14806094 0.         0.17952198 0.         0.         0.08194737 0.00418079]
runtime = 13.4 ms

Problem instance for m=2, n=40
A =
[[-4  1  1  1  1  1  1 -2  1  1  3 -4  1  1  2  1  1  1 -4  1 -5  1  2  0 -1  1  1  1 -1  1 -1  1 -4  1  1  3  2  1  0
   1]
 [ 4  3 -1 -5  3 -4  1  3  1  0  1  1  0  1  4  1  2  1  1  1  1  1  1 -3  3  3 -4  4  1 -2  1 -4 -1  4 -3  1  0 -1  1
  -2]]
b^T =
[[1 1]]
c =
[1 1 1 1 1 1 1 1 1 1 1 1 1 1 1 1 1 1 1 1 1 1 1 1 1 1 1 1 1 1 1 1 1 1 1 1 1 1 1 1]
x^T =
[0.  0.  0.  0.  0.  0.  0.  0.  0.  0.  0.2 0.  0.  0.  0.2 0.  0.  0.  0.  0.  0.  0.  0.  0.  0.  0.  0.  0.  0.
 0.  0.  0.  0.  0.  0.  0.  0.  0.  0.  0. ]
runtime = 4.86 ms

Problem instance for m=6, n=40
A =
[[ 3  1  1  1  1 -3  0 -1 -4  2 -3  1 -2 -1  1  5 -3 -4 -4  3  1  1  1  1 -5  1 -1 -1  0  2  1  1 -2 -4  1 -5  1 -4 -4
  -1]
 [ 1  1  1  1  1  1  1  0  4  5 -1  1  4 -1  1  3  1  4  5  3  2  1  1  1  1  1  1  4  1 -4 -4  1  1  1 -4  1  3  1 -5
   2]
 [ 1  3  1  1  2  1  1  1  1  5  1 -5  2 -3 -1  1  0  4 -4 -4 -3 -4  1  3  1  1  0  4 -4  1 -4  1  1  1  1  1  1 -4  1
  -2]
 [ 3  2  1  1  5  0  0  1  1  1  1  1  1  1  4  1 -1  1  1  1  1  1 -1  1 -5  1  0  1 -3  1  4  1 -5  1 -5  1 -4  1  1
   1]
 [ 1 -1  1 -2  1  1  1  1  4  1  3 -4 -2 -3 -5 -1  4  1  1  1  1 -5  3  1 -1  0  1  1  1  1  1  0 -4 -1  1  1 -4 -5  1
   1]
 [ 1  0  5  1  1  1 -1  1  4  1 -1 -3  1 -4 -1 -5  5  4 -3  1  4  1  0  1 -5  1  1 -2  4  2  1  1 -5  2  1  4  1  1  1
   5]]
b^T =
[[1 1 1 1 1 1]]
c =
[1 1 1 1 1 1 1 1 1 1 1 1 1 1 1 1 1 1 1 1 1 1 1 1 1 1 1 1 1 1 1 1 1 1 1 1 1 1 1 1]
x^T =
[0.32659438 0.         0.         0.         0.00441095 0.         0.         0.         0.         0.12093365
 0.         0.         0.         0.         0.         0.         0.10181952 0.         0.         0.
 0.         0.         0.04043374 0.         0.         0.         0.         0.         0.         0.01948171
 0.         0.         0.         0.         0.         0.         0.         0.         0.         0.        ]
runtime = 7.03 ms

Problem instance for m=10, n=40
A =
[[ 3  1  5  0 -5  4  0 -3  1  1  1  1  0  3 -3  2 -2  1  1  1  1  4 -5  1  1 -2  0  2  1  1  1  1  1 -5  1 -4 -5 -4  1
   1]
 [ 1  1 -1  1  1  1  1  1  1  1  1 -2 -3 -1  1  1 -3  1  1  1  1  1 -4  5  5  0 -4  1  4  1  4  4  2  5 -3  5 -5  1  2
   1]
 [ 1  1  1  1  1  3 -2  1  1  1 -3 -3  0 -2 -4  1  1  1 -5  1  1  1  1 -3  0  1  1  0  3  1  1  1  2  1  1  1  1  4 -4
   1]
 [-3  1 -5  1  5  1  1  1  1  1  1  1  1  1 -5  1 -5  1  1  2  4  1 -4  1  1 -1 -1  1  4 -4  1  1 -2 -1 -3  1  1  4  4
  -4]
 [-5 -5  1 -1  1  1  1  1  1  5  2  5  1 -3  1  1  1  1 -3  3  1  1  1  2  1  1 -4  1  2  1  1  1 -4  0 -4  1  3  1  1
   1]
 [ 0  1  1  1  0  1 -4  1  1  1  1  1 -3  2  1  1  1  0 -4  1  1  1  3  1  1  1  1 -1  5  2 -2  1  1 -3  3 -1  2 -1  0
   1]
 [ 1  3  0  0 -3  1  2  2  1  3  1  3  5  1  1  1  1  1  1 -5 -5  4  5 -5 -5  1  1  0 -3  5  1  1 -4  1  1  1  1 -4 -4
  -3]
 [ 2 -4 -5  3  1  5  2  0  1  0  1 -5  1 -1 -5  1  4  4  1  1  1  1  3  1 -5 -2  4  2  2  4  1  1  3  1  1  1  1  4  1
  -4]
 [ 1  1  5  1  1  4  1  1  3  1  1  1  1  4 -3  1  1 -5  1  1  1  1  1  1  1 -5 -1  5 -1 -3  1  1  1  1  1  3 -4  1  1
  -1]
 [ 5 -5  1  1  1  4  1 -5  1  0  1 -1  1  0  1 -5  1  1  1 -4 -4  1 -3  3 -4 -4  1  1  1 -4 -5 -1 -3 -5  0  1  1  1  1
   2]]
b^T =
[[1 1 1 1 1 1 1 1 1 1]]
c =
[1 1 1 1 1 1 1 1 1 1 1 1 1 1 1 1 1 1 1 1 1 1 1 1 1 1 1 1 1 1 1 1 1 1 1 1 1 1 1 1]
x^T =
[0.0039747  0.01382197 0.00613866 0.         0.         0.15745986 0.         0.         0.         0.
 0.         0.05591306 0.         0.01071794 0.         0.         0.         0.         0.         0.
 0.         0.19894956 0.         0.         0.         0.         0.         0.         0.1118444  0.
 0.         0.         0.         0.         0.         0.10989859 0.04847879 0.         0.         0.        ]
runtime = 11.0 ms

Problem instance for m=14, n=40
A =
[[ 1  4  1  5 -4  1  1  1  1  1 -4  1  0  1  1  1  1  3 -1  1  1  4 -4  1 -4  3  1  0  1  1 -1 -3 -2  1 -2 -3  1  1  3
   1]
 [ 2  2  3  0  1 -1 -4  1  3 -3  1  4 -3  1  0  1  1  1  5  0  1  1  4  3  1  1  1 -1  1  4  1  1  1 -5  1  1  1 -5  1
   0]
 [-5 -1  0  1  1 -1  1  1  1 -2  1 -3  2  3  3 -2  1  1  1  1 -2  1  1  1  1  3  3  1 -2 -4  1 -1  1 -3  1  1  1  1  1
   5]
 [ 2  1 -3  1 -2  3  1 -1 -5  0 -4  1 -5  1  1  1  1  1 -4  4  2 -2 -2  1 -4  1  1 -5  1  1  1  1  4 -1  1  1  1  3 -5
   5]
 [ 1  1  1  3  2 -2  1  1  1  1 -4  1  1 -4 -5 -3  1  1  2  1  5  2  1 -2  1  1  4  1 -4 -5  4  0  1  1  1  1  3  1  1
  -3]
 [-2  1  1  2  1  0  1 -4  1 -5  1  1  1 -3  1  1  1 -3  1  1  1  1  1  3  1  1  4  1  3  1 -5  3  1  1  1  0  1 -1 -2
   3]
 [ 1  1  1  1 -1  5  1 -3  1  5  1  0  1 -5  1  3 -3  1  1  1 -3  1  2 -1  1  1 -2  4  1  1  4  1  2  1  0 -2  4  1  1
   0]
 [ 1 -3  4  1  3  1  1  1  1  1  1  1  5 -1  4 -2  1 -2 -3  1  2  1 -2  1  1  1  1  1  4  1  1 -4  1 -4  3  1  1  0  1
   3]
 [ 1 -3  3  1  0  1  1  1 -3  1 -4  1 -1  1  1  1  1  1  1  4 -1 -4  1 -3  2  1 -3  1  1  1 -4 -1 -5  1  1 -4 -1  2  4
   0]
 [-3 -4 -5  1  3  1  1  3  1  1 -4  1  2  1 -2 -4  0  1  0  0  1 -3  3  1  1 -2 -4  1  1 -2  4 -1  1  3  1  1  1 -4 -1
   4]
 [-4  5 -1 -4  1  1  5 -5  1 -1 -3  1  2  1 -4  3 -4  1  1 -1  1  1 -2  1 -2 -3 -3  4  4  1 -2  0  0 -4 -4 -1  1  1 -2
  -3]
 [-1  1  3  4  1  1  1  1  1 -4  1 -2  1  1  1  1  5  1 -3  1  1  1 -2  1  1  1  1  0  1  3  1  0  1  1  1 -3  1  3  1
   0]
 [-1 -2 -2  1  1 -1  3  1  1  0  1 -3 -2  1 -1  1  1 -3 -3  1  1  1  5 -4  1  1 -3  1  5  1  5  5  1 -5  1 -1  0  0  1
   1]
 [ 1 -5 -3  3  1  1  1  1  1  1 -4  1  1  2 -5 -1 -2  1  1  1 -2  2 -3 -3  1  2  1  5  5  2 -3  1 -2  1 -5  5  0  1  0
   1]]
b^T =
[[1 1 1 1 1 1 1 1 1 1 1 1 1 1]]
c =
[1 1 1 1 1 1 1 1 1 1 1 1 1 1 1 1 1 1 1 1 1 1 1 1 1 1 1 1 1 1 1 1 1 1 1 1 1 1 1 1]
x^T =
[0.         0.         0.04252207 0.07533956 0.0436461  0.         0.12468513 0.         0.         0.
 0.         0.         0.         0.10217773 0.         0.         0.         0.05927084 0.09077776 0.16483207
 0.06145056 0.         0.05077311 0.02937761 0.         0.         0.         0.         0.10958987 0.
 0.         0.         0.         0.         0.         0.         0.24992513 0.         0.         0.02938408]
runtime = 18.2 ms

Problem instance for m=2, n=50
A =
[[-1  2  1 -5 -5  1  1  1  0  5  1  1  3  1  4  1 -1  1  1  4 -3  5  1  5 -1  4  0  1  1  1 -2  1 -1 -3  1  5  1  1 -2
  -3 -5  1  1  1  1  1 -5 -1  2 -1]
 [ 1  0  1  3 -3  5 -4 -4  3  1  1  3 -1  1  1  0  4 -3  1  1 -1 -2  1 -3 -4  2  1  1  1  1 -3  1  1  3  3  1 -4  1  1
  -4  1  4  2  1  1 -1  5  1  0 -4]]
b^T =
[[1 1]]
c =
[1 1 1 1 1 1 1 1 1 1 1 1 1 1 1 1 1 1 1 1 1 1 1 1 1 1 1 1 1 1 1 1 1 1 1 1 1 1 1 1 1 1 1 1 1 1 1 1 1 1]
x^T =
[0.         0.         0.         0.         0.         0.16666667 0.         0.         0.         0.16666667
 0.         0.         0.         0.         0.         0.         0.         0.         0.         0.
 0.         0.         0.         0.         0.         0.         0.         0.         0.         0.
 0.         0.         0.         0.         0.         0.         0.         0.         0.         0.
 0.         0.         0.         0.         0.         0.         0.         0.         0.         0.        ]
runtime = 3.39 ms

Problem instance for m=6, n=50
A =
[[ 1  1  1  1  1  0  3  1  3  1 -3  0 -2  1  1 -3  1  1  1  4  1  1 -4  1  1  1 -2  4  1  4 -5 -3 -2  1  1  1  1  1  1
   1  1 -4  1  1 -1  1  1 -5  1 -3]
 [ 1 -4  1  1 -1  1  2  5 -1 -2 -4  0  2 -2  3  1  0  1  4  1  1 -1  1  1  2  1  1 -5  1  2  1 -2  2  1  1  3 -2  1  1
  -3  1 -3  1  1 -2  1  1  4  1  1]
 [-5  5  3  1 -1  1  1  1  1 -3 -5 -2  1  1  1  5 -2  0 -3  1  1 -5  3  1  1  1 -2  1  5  1 -5  1 -3 -1  1  5 -4  1 -2
   2  1  1  1  1  1  1  1  4 -3  5]
 [ 1 -3  2  1  1  1  1  1  1  1  1  1  1  1  4  4  0  1  1  1  1  1  2  5  5  1 -2  1  1 -5  3  1  2 -4  1  1 -1 -2  1
   1  1  1  1  1 -1  1  1  1 -4 -5]
 [ 3  1 -5  1  2  1  4 -3  1  1  1  1  1  1  0  1  1  1  0 -5  1  1  1  1  1 -4  5 -3 -2  2 -4  1 -1 -3  1 -4  5  1  1
   1  1  1  1  1  1 -1  1  1  0  1]
 [-3  1  1  1  1 -5  1  1  1  1  1 -5 -1  5  2  3  1  0  1  1 -1  1  1  1  1 -5 -4 -2  1 -2 -5  0 -5 -3 -5  1  2  1  0
  -4  1  3 -2 -5  5  1  1 -4  1  1]]
b^T =
[[1 1 1 1 1 1]]
c =
[1 1 1 1 1 1 1 1 1 1 1 1 1 1 1 1 1 1 1 1 1 1 1 1 1 1 1 1 1 1 1 1 1 1 1 1 1 1 1 1 1 1 1 1 1 1 1 1 1 1]
x^T =
[0.         0.         0.         0.         0.         0.         0.28978224 0.         0.         0.
 0.         0.         0.         0.06281407 0.10720268 0.03685092 0.         0.         0.         0.
 0.         0.         0.         0.         0.         0.         0.         0.         0.01298157 0.
 0.         0.         0.         0.         0.         0.05820771 0.         0.         0.         0.
 0.         0.         0.         0.         0.         0.         0.         0.         0.         0.        ]
runtime = 9.88 ms

Problem instance for m=10, n=50
A =
[[ 1  5 -4  1 -5  1  5  0 -5  3  0  1  1 -5  1 -4  1  3 -1  1  0  4  1  2 -1 -4  2  1  1  1  1 -2 -4  0  1  4  2 -4  0
   1  2  2  1  1  1 -1  2  1  1  1]
 [ 1  1  1  1  5  1  1 -5  5  1  1 -4  1  1  1  1  1 -2  1  5 -1  1  1  1  4  5 -3  1  1  1 -5  1  3  1  1  3 -1  2 -4
   1  1  1 -4  1 -2  2  1  1  1  1]
 [ 1  1  1  1 -2  5  0  3  1  1 -5  1  2 -1  1  1  1 -2  1  5  1  1  3  1  1  1 -4  1  1  1  0  4  4  1  1  1  4  1 -1
   4  1  1 -4  3  1 -5  1  1  1  1]
 [ 4  5  1  1  1  1 -4 -5  1 -5  1  2  1  5  1  1  1 -3  1 -3  1 -2  0  1  1  5 -1  1 -2 -1  5  4  1  1  1  2 -1 -1  3
   3  1 -1 -2  3  1 -1  1 -2 -5  1]
 [ 2  4  2  1 -4 -2  1  4  1  0 -3 -1  1 -5  1  3  1  1 -3  1  4  2  1  1  1  1  1  1  1  1 -1  1  1  1  1 -4  1 -5  1
   1  1  1 -4  4 -1  0 -5  4  1  0]
 [ 1  1  1  3  1  1  1 -2 -2  0  1  0  3  4 -3  1  1  1  1  2  1  5  1  1  1  1  1  1  1  1  1  1  2  1 -3  1  0 -4  4
   1  1  1  0  1  1  0  1 -5  0  1]
 [ 1  3  1  1  1  1  4  1  1  3  1  5  1  4  4  3 -3  1  1  0  1  1 -5 -5  1  1 -3  5  2  1 -5 -2  3 -4  0  1 -5  1  1
  -3 -4 -1  1  3  1  1 -1  1  4  1]
 [ 1  1  5 -5  1 -2 -2  3  1 -5 -5  1 -3  1  1  1 -3  2  1 -1 -4 -3  1  1  3  1  4  1  1  1  1  3  1  1  1  1  5 -3 -1
  -4  0  1 -1 -3  4  1 -5 -5  2  1]
 [ 2 -2  3  1  1 -2  1  1  2  5  2  4  0  1  1  1 -5  1  5 -4  2  1  0  1  4 -5 -1 -4 -2  0  1  1  1  1  1  4  1  1  3
  -4  1  1  1  1  1  1  1  1  4  0]
 [ 1  2  1  1  5  1 -3  4 -4  1 -3  1  1  1  1  1  1  1  1 -5 -2 -4 -4  1 -5  1  4  0 -2  1  1  1  1 -2  1  1  1  1  1
   1  1  1  1  2  1  1 -3 -4 -5  1]]
b^T =
[[1 1 1 1 1 1 1 1 1 1]]
c =
[1 1 1 1 1 1 1 1 1 1 1 1 1 1 1 1 1 1 1 1 1 1 1 1 1 1 1 1 1 1 1 1 1 1 1 1 1 1 1 1 1 1 1 1 1 1 1 1 1 1]
x^T =
[0.         0.16289006 0.13643994 0.         0.         0.         0.         0.         0.         0.03889791
 0.         0.         0.         0.         0.         0.         0.         0.         0.         0.
 0.         0.0365179  0.         0.         0.         0.         0.05223223 0.         0.         0.
 0.         0.         0.09830594 0.         0.         0.11758789 0.01737909 0.         0.         0.
 0.         0.10054519 0.         0.05110331 0.         0.         0.         0.         0.         0.        ]
runtime = 12.4 ms

Problem instance for m=14, n=50
A =
[[ 4  1  1  3  1  5  1  1  1 -2  1  3  1  1  1  1 -3  1  1  2 -3  1  1 -1  1  1  1 -2 -5  1  1 -3  1  1  0  1  2  2  0
  -1 -3  3  1  0 -3  1  1  1  3  1]
 [ 2 -1 -2  4  0 -3  1  1  3  1  5  3 -2  1  1  1  1  1  1  0  1  2 -2  0  1  1  1  4  1  4  1 -4  1  2  1 -3 -5  1 -3
   5 -4  1  1  1  3  1 -2  1  1  1]
 [ 3  4  1  1  2  0  1  1  1  1  1  1  1  1  1 -1  2  1 -3  1  1  4 -1  3  1 -4  4  1  1  1  1  1  1  1  1 -3  1  5  1
   1  4 -3  1 -1 -5  0  1  1  0  1]
 [ 1  0  1  1  1  1  1  3  0  4  1  1  1  1  4  1  1  1  1 -4  1 -1 -4  1  1  2  2  1 -5  2  1  1 -5  1  1  1 -1  1 -3
   4 -3 -2  1 -4  1  1 -3  1 -1 -4]
 [ 1  1  1  1  1  1 -4  2 -5  1  1  1  1  5  1  1  1  1  2  1  4  1  1  5  1  1  1  1  1  0  1  1  1  1  4 -2  2  1  1
   1  1  5  1  1  1  1 -4 -5  1  3]
 [ 1  1 -3  1  1  1 -3  1  1  1 -4 -3  5  1 -3 -2  1 -5  1  1 -1 -3  1 -1  1  1  1  1  1  1 -2  1 -4  1  1  1  1  1  1
   1  1 -5 -5  1  1 -2 -1  4  2  1]
 [-5 -2  1  1  0 -1  1  1  1 -1  0  1  1  1  1  4  1 -3 -5 -2  1  2  1 -5 -4  5  0  4  1 -3  2 -1  1 -2 -2  0  3  5  1
   1  5 -5  1  1  1 -4 -4  1 -3  2]
 [-3 -2  1  1  4  1  1 -2  2 -2  1 -5 -1  1  2  1  1  5 -4  4  3  1  3  0  1 -5  1  1  4  4  1 -5  2 -5  0  1  1  2  1
   1  1 -5  1  1  1  1  1  5  0 -4]
 [-4  1  1  1  1  1  5  5  1 -2 -1  1  1 -3  2  1  1  1 -5  1  1  1  3  1  5  1  0  1  1 -3 -4  1  1  2  1  1 -3 -5 -4
   1 -2  1  1  1  1  2  1 -1  2  1]
 [ 1 -5  1  1  5  3  1  1  1 -5 -5  1  5 -4  1 -1  2  1  1  1  1 -4 -5  1 -5  1  4  1  2  3  1  1  1  1  1  1 -4 -3  1
   3 -1  1  5 -1  1  1  1  1  1  0]
 [ 1  1  1  3  4  1 -1 -1  5  1  1  1 -4  1  1  1 -4  1  1  1  1  2  1  1  2  1  1  1 -4  1  0  5  1  1  1  1  1  0 -5
   1 -1  1  1  0  0  1 -4  1 -1  1]
 [ 0 -4  1  1  3 -4 -3  1  1  1  0 -4  1  1  4  1  1  1 -2 -3 -5  1 -5  1  1  1  1  1 -1  2 -1  1  1  5  2 -1  4  1  1
   4 -1  1  3  1  1  1  2  1  1  1]
 [ 3  1  1  1  1  1  1  1  1  1  4 -3  1 -5  1  2  0 -3  1  1  1 -5 -3 -3 -4  1  1  1  1  1  3  1  3  1 -2 -1  1  1 -3
   1  1  5  1  1  1 -2  1 -3  1  3]
 [ 2 -2  1  1 -2  1  1  1  1  1  1  5  1  4  1  1 -4  1  4  1 -2  3 -4  1  1  3 -2  2  1  1 -4 -1  1  1  1  1 -2  1 -5
   1  1 -3 -5  5 -2  3  2  5 -4 -3]]
b^T =
[[1 1 1 1 1 1 1 1 1 1 1 1 1 1]]
c =
[1 1 1 1 1 1 1 1 1 1 1 1 1 1 1 1 1 1 1 1 1 1 1 1 1 1 1 1 1 1 1 1 1 1 1 1 1 1 1 1 1 1 1 1 1 1 1 1 1 1]
x^T =
[0.         0.         0.         0.07414208 0.15646937 0.10114168 0.         0.1657347  0.         0.04168796
 0.04712164 0.         0.03274348 0.         0.         0.         0.         0.         0.         0.01569608
 0.         0.         0.         0.         0.         0.         0.         0.10645827 0.         0.
 0.         0.         0.         0.         0.         0.         0.04591572 0.03148155 0.         0.0552408
 0.         0.         0.         0.09022998 0.         0.         0.         0.03514275 0.         0.        ]
runtime = 24.7 ms
